757802913012895744 963065716551270400 5683.90 1367078741366
5576813184781662208 1234071770111838208 2385.91 1329584741369
7535570831830483968 2069389656888925184 8495.71 1286640341369
5576813184781662208 2581038569974982656 2052.57 1213200341369
7535570831830483968 2581038569974982656 17984.18 1431273941370
2069389656888925184 2069389656888925184 2716.60 1445184341370
2581038569974982656 5576813184781662208 9245.89 1360861541370
963065716551270400 963065716551270400 4952.76 1152806741370
7155922096815560704 7535570831830483968 1174.48 957024341371
2069389656888925184 5576813184781662208 3034.26 1451235941371
